11.4 84.88
-18.79 -23.77
-38.96 -68.93
-97.07 2.15
47.66 -31.05
-86.32 -77.43
15.17 7.41
-84.6 12.47
-94.82 -39.56
-87.5 71.27
-22.96 92.36
36.36 -35.24
36.89 58.02
41.71 33.02
-86.29 57.38
6.05 13.32
79.0 0.79
-8.95 79.79
97.5 81.47
-94.58 43.57
-50.11 86.31
-3.4 92.5
-65.52 -81.44
-22.17 -0.79
-74.05 5.43
-26.54 -63.9
-15.25 4.09
-63.28 -95.14
50.7 98.23
-55.91 -34.96
-17.4 -6.12
70.9 -60.96
-22.2 -62.6
-27.37 -76.06
-85.67 -91.0
67.06 9.8
-19.58 -5.03
-73.68 20.66
-78.46 92.81
91.62 -48.54
-38.55 -8.5
-62.05 28.44
-43.77 -6.51
-72.13 99.54
21.48 -72.19
81.55 -51.24
47.77 -49.64
-97.51 -7.39
26.68 -29.12
-91.03 42.57
51.15 48.51
9.4 95.71
62.69 -33.04
46.27 -14.1
37.69 -35.31
50.31 14.31
84.89 78.81
92.32 2.81
-87.08 -90.82
-85.52 48.88
-92.25 5.55
38.05 -62.08
-64.1 -11.98
-77.33 78.73
-85.73 -93.96
15.76 -99.73
-85.24 -84.92
-98.01 65.12
59.85 -82.93
-66.86 -37.76
68.29 52.96
50.41 86.98
-49.24 -42.61
68.69 74.07
17.25 88.81
-87.14 32.82
-52.96 0.51
-80.29 84.87
68.01 84.01
-87.18 43.93
4.43 -29.86
71.8 -17.11
-26.82 -83.04
74.68 42.05
-86.06 33.87
40.87 28.16
-53.84 -19.26
12.18 -11.99
32.22 72.57
99.39 73.31
38.61 85.17
64.62 54.72
67.1 27.07
-97.81 -27.27
-83.95 -76.64
43.28 18.06
-30.76 93.04
-86.4 -21.97
52.95 -99.88
77.37 -87.63
-73.77 -79.47
-42.28 63.82
11.1 -48.98
83.81 19.7
-54.95 -48.76
28.37 1.78
86.76 78.57
-32.05 80.49
-81.91 64.7
5.25 0.65
17.3 16.54
43.26 -41.53
-94.86 57.71
-7.21 37.08
-38.55 99.68
50.96 -46.23
-73.18 -7.58
75.05 79.89
-61.93 78.52
35.4 92.19
-35.63 20.08
46.98 -56.59
34.47 -63.28
-12.71 -37.09
-82.95 89.52
-69.81 98.9
-1.9 91.34
-60.76 -96.23
20.31 93.39
-19.79 49.52
-83.64 12.25
59.94 -84.21
48.84 -34.06
24.59 -61.36
-20.45 9.5
93.41 65.38
-99.98 -29.07
-66.93 -52.24
-64.93 27.08
23.42 32.86
21.09 -7.89
93.53 -57.27
-70.53 24.97
-45.14 85.53
-66.04 7.11
-76.01 -63.88
92.28 43.8
-50.03 -90.89
-19.59 94.64
55.47 14.73
58.04 91.44
-14.26 -68.22
95.9 4.21
63.71 -80.7
-51.17 69.83
96.92 83.03
57.86 -2.42
95.97 -24.89
2.84 -23.76
-1.66 93.25
94.32 -0.64
-29.44 87.73
7.95 93.97
47.68 -8.39
-57.7 4.54
3.84 14.05
22.68 -15.41
-70.56 -15.68
-55.95 13.09
16.99 -7.29
-21.97 16.55
-98.17 -91.46
50.81 77.12
83.48 14.63
82.47 87.7
93.59 88.69
-47.26 -3.68
5.0 15.13
56.53 53.64
-66.9 -41.97
42.65 21.01
0.54 28.98
-42.01 50.84
33.66 18.78
-87.5 76.55
6.83 -14.71
68.24 -62.77
36.44 37.99
-28.29 -69.32
96.32 74.48
39.87 43.83
63.89 -59.14
57.06 54.29
-9.41 85.38
79.86 15.15
-98.18 -12.46
-82.02 -2.1
34.55 -50.92
13.02 50.62
72.6 98.03
