-90.77 -89.64
-38.94 -34.4
42.56 -36.61
17.8 -11.37
26.44 -64.53
80.57 -43.7
67.06 -95.63
-63.18 88.76
68.01 95.04
71.05 -99.73
-10.63 -91.13
-68.27 15.97
-85.61 -83.89
-6.03 -52.23
37.15 -4.09
52.61 -50.28
73.69 82.45
77.23 93.29
-0.21 -89.86
61.36 -19.08
80.73 33.73
-77.83 -25.4
25.78 -32.89
-50.15 76.54
-48.72 41.56
-66.49 -93.91
96.18 5.44
23.06 -84.69
84.05 -72.5
-97.83 -58.62
-41.84 80.73
12.86 82.25
26.82 11.1
44.43 15.12
7.48 -91.09
6.89 -61.79
42.19 -20.25
-72.52 67.64
-92.08 -69.08
42.02 30.37
53.25 94.56
-34.61 11.98
-70.28 -65.61
-65.1 -17.04
94.03 -44.65
-37.49 -90.78
-46.86 12.05
81.47 72.6
0.96 -2.59
59.13 46.12
33.45 8.69
-99.78 -68.42
-47.52 85.34
24.72 18.98
28.14 -26.53
-5.99 -5.19
58.88 81.2
-14.41 -0.89
3.55 12.21
-85.6 -10.34
-31.95 17.06
-58.96 26.09
92.2 90.59
-16.08 97.91
-75.07 -7.22
-65.15 -34.53
49.38 -54.35
-0.21 -54.49
-7.61 -19.46
48.39 1.25
56.23 42.92
-86.71 5.03
80.65 23.78
-74.42 -8.11
5.38 -10.57
44.98 -47.37
32.33 26.85
-91.7 82.8
-5.32 85.88
8.33 -52.91
79.94 34.57
48.91 48.78
22.81 96.97
62.3 56.98
-80.89 46.37
18.77 -12.54
8.06 -41.17
-55.07 -51.59
37.5 -5.88
-85.62 44.6
-81.53 -92.29
43.68 13.83
76.74 25.66
-39.53 85.58
-22.73 88.36
29.13 -62.96
-16.61 -89.37
39.42 -81.92
27.18 4.61
-51.54 -96.09
46.25 -66.86
14.39 76.53
5.18 -18.28
29.93 86.52
-15.73 75.95
80.73 15.34
-63.57 -3.51
59.14 89.22
1.49 -99.61
10.83 59.19
15.12 67.56
-18.39 -69.81
22.87 90.09
-74.75 37.2
11.41 69.95
-28.68 -81.0
12.07 -15.54
27.04 -37.12
42.46 56.84
3.34 -30.74
-30.62 79.59
31.49 -16.07
-64.2 63.86
-15.97 40.4
-97.61 -25.87
21.03 -58.57
-24.71 66.21
26.25 42.04
-65.99 17.43
98.24 -39.72
39.85 53.21
-31.88 7.96
-88.04 -28.74
-31.51 87.91
-15.89 88.6
36.17 -94.91
-37.19 92.26
-92.91 -90.39
70.24 -41.99
-79.14 85.89
0.8 -84.65
-82.96 -49.92
-77.88 84.07
63.91 66.4
9.18 -4.28
-5.07 7.56
37.81 -29.53
35.17 96.68
-82.7 20.25
-35.52 77.66
-63.71 -87.87
-53.87 51.16
37.62 -83.41
68.2 91.35
-82.28 50.14
63.73 88.41
-8.39 54.82
77.17 -99.45
0.05 12.71
66.63 -57.93
41.85 -13.83
-73.78 70.93
1.6 23.86
57.31 7.42
69.3 -15.61
-48.42 16.6
84.56 65.81
-48.08 -29.29
-23.03 40.01
-93.81 17.12
-89.8 -64.51
2.53 90.17
67.83 31.69
-27.02 -94.59
-64.85 18.11
-49.85 58.1
13.73 37.22
-75.63 10.26
-11.79 57.31
14.59 -95.89
-25.09 41.19
-28.72 24.21
-32.64 48.41
20.2 -8.9
-24.2 -36.51
91.97 -60.18
-71.28 21.9
-16.14 -75.77
97.76 -8.94
-76.32 97.7
40.18 53.21
-89.12 -41.92
18.41 0.26
47.34 71.91
-57.34 2.29
34.47 -77.84
77.12 -58.63
57.01 68.88
-18.87 -58.73
-1.56 67.95
