-84.8 34.65
-6.93 82.96
0.57 -64.48
-2.38 -71.36
-79.07 4.51
9.01 -57.35
-42.08 -12.54
-82.92 -50.32
-19.6 34.73
88.3 -49.4
-77.85 -92.4
13.78 -70.91
43.4 -43.23
73.81 21.58
-36.54 -41.28
90.89 7.54
-27.39 22.58
41.92 29.44
-1.41 -92.18
-37.16 13.84
-83.24 79.92
-43.34 -94.32
-85.8 6.12
53.96 59.5
-9.67 81.78
67.28 -86.75
18.51 -91.37
-60.15 61.06
83.08 28.42
23.93 5.15
-0.77 97.54
-88.61 -37.79
-25.85 -15.01
45.88 97.65
54.8 -62.01
66.6 81.92
73.42 -11.13
41.93 35.2
63.21 85.6
53.52 -42.83
60.32 -44.29
-29.09 18.89
-67.31 -55.12
78.21 -3.19
44.67 -69.05
14.86 30.41
13.4 87.94
36.98 -45.8
20.79 36.72
-24.44 71.2
-28.65 6.4
-55.41 33.12
39.03 -23.75
85.59 -93.62
-7.12 40.13
-97.73 -27.32
-62.93 -91.94
45.58 -58.03
-42.13 75.22
93.89 22.38
16.66 -65.69
-81.86 -62.92
-12.63 -91.46
46.23 23.68
-85.16 -35.38
-62.12 73.07
-94.35 -70.83
-71.21 72.43
-45.85 26.88
28.47 -6.64
-79.18 -48.16
-14.49 10.24
14.81 7.61
-69.9 42.93
-81.52 24.54
75.8 89.55
-20.13 -1.76
-5.41 64.75
-97.53 14.71
72.06 -5.33
-48.95 81.39
28.82 50.97
-90.69 -52.96
-99.11 -56.23
-34.64 -53.65
-40.37 -73.0
-20.86 24.3
27.3 -37.53
-9.49 -41.86
-57.0 26.17
-97.41 20.24
26.14 74.65
-7.59 52.19
76.92 -8.64
-84.28 -99.23
39.27 56.1
-7.04 -95.79
-51.11 69.14
92.55 43.18
41.22 -71.58
-54.44 -56.26
-75.66 84.72
-4.36 74.3
63.8 -35.34
9.08 -14.39
-10.68 -24.61
88.65 92.42
16.81 40.88
-86.15 16.62
-58.44 -80.06
-83.63 50.5
65.17 32.52
12.68 -31.64
61.07 -43.4
-89.07 67.81
-0.4 -62.83
-83.32 -80.86
9.55 71.63
-87.52 -91.15
-33.48 -17.35
3.96 -44.28
78.94 -4.38
-99.27 60.4
-36.4 51.12
-90.93 21.72
88.41 -29.95
66.51 26.01
-90.21 -81.02
-3.83 -68.48
-79.69 -21.22
-97.01 54.04
81.6 37.88
-9.84 39.41
-16.66 31.35
3.23 92.89
-68.24 -42.61
-74.01 -29.61
9.91 6.54
-62.57 99.43
-99.25 55.48
-7.6 85.21
5.3 -94.7
-94.48 27.23
-61.78 91.35
-13.79 43.75
-48.65 -41.26
-83.04 -1.29
-60.35 86.43
72.22 84.85
-26.5 53.23
56.94 -48.74
-66.06 69.43
0.74 -19.99
16.28 92.67
-56.86 90.14
23.51 -28.28
-78.43 44.54
-90.13 -76.66
74.03 26.93
-64.27 -37.94
26.22 99.7
-64.76 33.63
-4.53 -20.83
-54.11 -0.13
39.16 -48.01
12.05 58.95
-95.15 63.72
-68.3 66.44
-10.53 -44.87
27.18 32.2
24.99 29.7
-60.61 60.42
45.47 -2.48
-30.28 -50.9
-22.65 74.57
75.54 -84.63
51.69 20.58
57.62 93.66
-77.17 65.92
-68.0 -2.0
-24.89 45.09
9.27 -29.84
50.57 96.32
42.5 -84.73
-6.75 8.34
37.05 -74.43
-88.43 45.54
45.83 14.04
-3.91 -13.7
-12.39 -48.5
-38.37 -96.29
51.53 28.86
25.92 63.63
-89.6 89.84
-48.7 41.84
-92.47 65.8
-31.14 21.64
-55.79 -41.41
89.39 -4.18
10.49 44.58
