68.54 -6.97
-34.26 76.0
-39.09 23.07
36.51 -94.63
-92.09 -82.58
-92.19 -82.67
-61.46 84.78
-74.9 45.31
-76.64 -89.81
83.33 -94.12
84.37 46.93
22.12 -26.34
27.63 -13.69
61.83 65.41
98.19 -11.04
-80.69 -7.11
-30.74 -96.65
-3.64 56.93
58.11 82.02
-65.1 1.03
-38.21 -24.52
24.07 -33.15
-28.76 -9.41
44.66 -94.3
10.11 51.49
-20.11 -37.88
-12.54 -39.22
3.0 10.15
-45.82 -13.56
-19.53 -30.75
55.67 -57.52
38.76 -13.19
-16.4 14.51
33.22 -9.39
-11.31 -33.87
-34.9 62.09
35.43 75.37
-66.56 -33.67
-80.77 31.39
93.42 89.39
76.47 -63.18
-61.89 -27.84
-82.42 -39.28
43.56 -26.15
40.15 40.89
-48.35 -26.73
35.24 -76.83
11.56 -82.35
-47.06 92.91
59.19 -43.46
75.76 -41.63
8.54 68.19
-72.47 -32.12
29.87 18.62
-36.75 -31.14
-49.11 31.35
75.23 -82.31
-72.1 -50.54
43.11 -30.39
-21.79 -25.94
-67.74 -47.76
20.54 -17.49
-36.58 22.29
1.09 0.5
-94.06 15.48
-97.6 90.63
-20.42 32.07
23.69 27.15
-45.71 92.93
-84.16 21.5
83.61 31.96
-49.03 -14.58
-67.8 7.27
9.5 57.44
-63.42 -65.78
47.71 -17.01
61.48 62.33
-9.49 73.31
77.56 -76.57
80.0 -75.33
-34.8 45.72
-69.75 5.36
41.6 47.62
87.95 20.34
20.95 -60.99
58.5 -71.27
-15.58 -17.9
84.35 57.73
42.55 -69.87
27.36 -61.25
80.55 76.73
-72.09 48.42
-53.7 56.34
-97.98 86.19
42.59 62.15
-10.49 -82.43
6.65 -10.07
-80.22 -24.45
-16.44 61.98
-7.69 0.35
93.21 -69.72
-89.11 57.91
55.81 -67.28
-81.29 -50.01
-77.73 -65.4
-9.6 12.97
71.21 -80.17
54.87 43.09
6.37 47.58
-15.24 78.68
65.25 -0.72
70.71 -1.41
-62.28 22.86
72.27 -80.95
5.41 50.42
1.97 80.61
52.07 -6.52
20.75 42.11
8.15 -44.52
37.4 -66.49
-32.96 37.76
74.05 -50.23
45.09 57.33
-6.33 -80.76
35.73 86.81
36.09 25.83
-83.81 -60.19
-75.48 74.89
-91.85 13.21
-51.72 -78.36
-27.39 9.94
-21.08 -19.1
82.52 -50.91
-37.2 -35.86
-33.18 10.35
-75.34 -3.22
21.67 30.11
-53.05 38.6
-9.92 -43.97
97.59 47.14
-72.37 -48.59
24.29 -6.1
-68.07 78.39
-78.52 -94.47
30.55 87.05
-26.12 50.81
69.99 13.71
76.93 4.26
-57.31 14.71
-45.95 11.09
-77.3 53.49
-35.15 -45.88
-94.59 47.32
-83.62 -63.5
42.43 61.23
-77.45 -52.01
20.32 9.27
59.25 -11.47
-21.3 29.7
72.11 45.35
10.77 36.2
-76.06 34.13
-14.87 35.88
-52.65 62.18
7.8 56.71
-15.65 -14.04
-42.78 -18.31
57.45 -60.43
-81.61 67.01
1.8 52.65
6.25 61.12
-7.69 21.84
-61.29 -89.07
-56.72 -74.32
86.5 94.87
95.95 -27.25
12.82 43.98
13.85 62.52
-23.5 50.84
-22.15 95.06
16.2 -26.51
66.43 -54.96
-6.09 -28.24
26.16 89.04
97.88 -36.9
-4.46 92.71
-29.41 6.17
89.9 -70.74
5.14 8.62
97.84 -1.92
-58.89 11.29
55.31 -32.98
13.58 -41.29
-62.32 -44.1
-81.78 41.4
-26.36 -34.41
-78.39 78.84
74.0 28.47
85.94 -67.38
-44.74 -84.21
