-79.24 31.02
-9.72 -32.9
-88.22 -32.06
81.81 23.92
17.9 7.65
67.84 64.5
6.66 35.03
45.18 50.45
-97.98 41.75
-57.11 -32.35
-41.67 12.99
-96.18 82.29
29.34 -80.58
2.64 24.8
43.75 -78.42
-35.36 -71.4
59.91 -48.55
35.31 -82.77
-84.07 27.5
-96.84 -81.88
70.9 -22.49
-6.37 -90.15
-41.58 -6.72
-18.32 64.66
21.52 45.67
-87.11 -54.06
95.59 -35.71
-58.93 -84.8
-48.0 63.82
86.5 -50.81
-36.07 -43.82
-16.88 -51.04
-1.81 -2.63
17.81 -89.2
-14.7 -1.62
38.38 0.33
46.99 -59.73
-97.8 -90.66
6.12 -57.09
13.08 49.0
-86.76 38.27
-61.48 -87.25
51.71 -38.41
35.23 23.97
31.15 -6.0
79.56 48.3
-13.5 74.1
74.76 13.55
-11.21 18.62
0.39 -23.82
-41.37 89.64
-11.81 -49.41
-91.55 -58.44
93.09 44.19
-35.66 79.23
-25.33 -87.19
-56.8 -46.95
56.56 14.82
-5.37 85.44
0.09 -3.42
-26.35 -12.38
6.8 11.4
41.24 94.96
-5.4 -93.13
-46.43 23.73
-95.05 -16.46
-8.5 52.87
79.32 -21.9
90.8 -41.51
93.37 99.98
-16.93 -89.67
-46.56 -67.48
34.92 -68.4
32.84 -64.81
-66.31 11.0
92.4 46.62
28.7 27.77
45.94 65.09
81.53 22.58
-51.34 85.96
-69.69 -69.23
-75.39 -3.42
-2.01 -99.12
42.99 -67.04
73.42 -52.88
78.39 -26.16
13.21 9.09
21.51 6.44
21.46 -11.28
-96.02 -34.33
-88.43 -9.89
31.18 -88.57
-67.09 -64.15
76.77 13.98
74.71 -34.58
-70.48 -76.06
-65.41 12.72
-92.97 -11.1
-85.68 60.69
86.5 -50.41
-51.35 -19.99
15.99 -13.62
75.33 77.2
-93.71 50.59
7.02 56.86
-43.04 -86.81
43.11 -15.57
37.73 -65.88
-33.07 77.36
87.19 66.54
-21.19 -64.74
-47.4 -14.6
-99.93 -28.49
3.88 -34.03
-5.63 -49.12
-89.74 23.04
-58.31 -12.73
-41.39 -37.63
-90.04 -57.56
-42.42 -74.7
45.12 -82.79
61.4 90.4
54.09 -25.99
-74.89 16.79
-70.89 -66.06
-65.94 -34.32
87.87 40.59
-6.12 87.65
55.77 77.26
94.63 41.76
-24.18 20.18
-91.88 -92.73
-15.94 -45.26
-92.01 -5.58
78.13 -50.83
87.24 -1.39
85.16 32.81
81.57 3.4
-73.47 -68.53
-3.07 63.7
15.94 -16.13
16.76 -7.21
33.32 68.09
38.91 -11.94
46.65 -48.92
35.9 9.76
-20.77 24.67
46.77 -49.73
-4.44 4.87
84.4 84.36
72.26 51.43
47.01 -4.51
33.14 -92.38
-80.31 -72.6
6.4 81.21
4.76 -40.85
68.4 34.34
48.38 29.58
-93.14 -59.48
23.37 -77.13
96.55 39.25
82.03 59.9
-77.08 13.91
26.58 51.14
1.67 -21.58
39.98 -15.78
65.79 36.08
53.0 7.13
74.49 83.62
-21.8 -45.55
22.76 -48.52
-39.12 6.33
-93.2 4.18
12.64 -1.08
-36.81 -17.1
39.98 -38.15
-6.94 -67.99
5.21 18.96
-54.69 -7.37
-1.27 -25.58
57.08 -14.81
38.16 -50.72
26.18 37.98
20.47 -11.65
-9.52 -35.47
33.13 1.15
23.75 -81.74
-95.37 -84.68
-3.87 26.43
83.72 -79.7
11.8 40.83
88.26 -98.29
90.74 -7.05
59.72 35.55
-94.55 32.95
-85.27 -99.17
-9.91 46.25
42.79 97.55
70.86 19.64
63.42 17.92
