16.33 32.69
38.56 6.77
7.47 0.37
41.56 -98.79
13.06 46.66
37.13 -90.47
-15.38 -83.38
11.31 29.84
51.52 -26.34
-1.62 -55.74
12.0 72.34
74.5 -91.18
-50.2 -43.63
5.6 13.54
14.25 -3.3
-38.78 7.78
46.1 32.98
-22.3 -82.44
-78.05 -99.44
81.95 17.54
-83.24 -86.82
-21.42 69.38
-11.04 93.06
19.12 78.72
-86.4 -46.94
-35.98 8.61
-43.09 -45.88
-18.6 -75.13
-41.86 -12.68
-43.7 5.12
-23.33 -65.61
-95.93 37.61
1.53 -70.08
-30.53 -19.92
-63.09 25.75
15.55 90.87
15.37 -6.4
-98.38 -68.01
81.28 -8.58
-14.81 -90.1
31.59 -27.24
8.0 80.66
99.96 8.91
-80.12 -59.07
10.2 93.89
-14.45 -53.08
-91.93 98.3
-97.94 -11.93
52.44 43.63
87.04 -79.72
-34.15 89.39
-54.7 -76.38
99.89 23.68
90.2 -74.84
57.42 4.92
28.33 -94.84
-43.75 -22.72
-99.55 74.33
-11.79 63.65
-97.4 -34.77
93.03 -49.53
32.52 9.24
-48.78 -52.2
-54.88 -40.88
-84.89 -43.06
-92.59 8.45
-8.25 -65.45
58.65 -52.37
-73.12 -13.23
45.4 61.91
79.56 39.51
-25.55 -52.67
91.79 -87.75
38.75 -95.27
23.17 45.05
30.29 29.87
-2.93 -4.86
-56.88 -78.83
50.65 7.27
-79.91 77.12
52.04 0.61
75.11 -18.02
92.6 19.55
-63.23 -4.64
46.67 -50.49
-6.28 -63.07
-0.86 9.69
57.68 -56.75
62.85 -15.35
30.52 -21.24
-23.83 -78.78
4.86 74.94
-60.19 7.77
59.57 -68.03
68.15 -65.23
-61.86 -72.35
46.22 -16.91
27.77 -74.51
-72.21 -17.86
-48.32 90.62
55.9 -76.38
90.76 -72.45
-48.2 9.38
24.69 -24.87
-8.81 65.64
72.26 -16.27
-69.02 26.48
14.84 80.15
-95.92 -93.86
-44.39 -8.01
15.24 -91.83
-24.69 70.96
88.93 73.92
10.69 75.78
-12.91 -82.19
45.05 98.03
-36.31 -33.45
53.63 83.32
22.6 56.8
-85.72 25.86
-44.27 -11.16
-36.65 9.83
41.17 -84.5
70.09 -94.61
18.96 -30.98
41.64 -79.45
-35.29 53.18
-18.45 9.2
-1.46 1.38
70.99 -42.83
79.3 -45.01
79.52 -28.83
99.71 45.55
75.37 -70.92
63.76 -31.53
88.24 57.36
-83.39 10.72
-32.87 -94.8
-15.56 -64.29
-39.44 37.23
-30.66 -38.15
65.52 41.46
96.76 -90.84
51.88 95.17
-64.48 -86.73
-39.32 -1.21
-80.26 -99.37
-0.85 -87.03
82.42 -74.02
-50.08 -21.94
-82.47 28.92
-64.17 -77.06
-5.74 -57.84
-34.08 -60.54
63.44 -47.81
-52.38 -82.71
37.8 28.2
7.23 84.96
66.05 51.95
-37.08 -44.48
-0.51 71.65
-71.67 72.11
32.21 -67.98
96.09 -85.47
64.8 -90.51
55.39 -55.18
59.43 54.34
83.59 -29.24
53.34 -25.08
-69.03 -59.47
-8.91 -48.29
-0.71 16.19
41.53 -96.52
40.47 -34.58
-28.02 99.85
-22.67 -29.35
15.29 -27.76
-86.81 57.38
69.91 -66.34
13.82 -9.03
87.6 -71.54
-2.4 -83.94
-95.43 80.62
-99.6 37.37
-5.8 -23.51
20.79 19.51
-76.26 77.61
-25.75 0.31
-12.16 -6.22
-44.26 -36.34
-85.76 55.13
-21.71 22.7
-48.8 9.8
-54.23 82.52
49.71 57.91
61.37 -52.58
-94.97 2.03
75.34 71.87
-56.16 0.89
-58.24 69.69
11.4 84.88
-18.79 -23.77
-38.96 -68.93
-97.07 2.15
47.66 -31.05
-86.32 -77.43
15.17 7.41
-84.6 12.47
-94.82 -39.56
-87.5 71.27
-22.96 92.36
36.36 -35.24
36.89 58.02
41.71 33.02
-86.29 57.38
6.05 13.32
79.0 0.79
-8.95 79.79
97.5 81.47
-94.58 43.57
-50.11 86.31
-3.4 92.5
-65.52 -81.44
-22.17 -0.79
-74.05 5.43
-26.54 -63.9
-15.25 4.09
-63.28 -95.14
50.7 98.23
-55.91 -34.96
-17.4 -6.12
70.9 -60.96
-22.2 -62.6
-27.37 -76.06
-85.67 -91.0
67.06 9.8
-19.58 -5.03
-73.68 20.66
-78.46 92.81
91.62 -48.54
-38.55 -8.5
-62.05 28.44
-43.77 -6.51
-72.13 99.54
21.48 -72.19
81.55 -51.24
47.77 -49.64
-97.51 -7.39
26.68 -29.12
-91.03 42.57
51.15 48.51
9.4 95.71
62.69 -33.04
46.27 -14.1
37.69 -35.31
50.31 14.31
84.89 78.81
92.32 2.81
-87.08 -90.82
-85.52 48.88
-92.25 5.55
38.05 -62.08
-64.1 -11.98
-77.33 78.73
-85.73 -93.96
15.76 -99.73
-85.24 -84.92
-98.01 65.12
59.85 -82.93
-66.86 -37.76
68.29 52.96
50.41 86.98
-49.24 -42.61
68.69 74.07
17.25 88.81
-87.14 32.82
-52.96 0.51
-80.29 84.87
68.01 84.01
-87.18 43.93
4.43 -29.86
71.8 -17.11
-26.82 -83.04
74.68 42.05
-86.06 33.87
40.87 28.16
-53.84 -19.26
12.18 -11.99
32.22 72.57
99.39 73.31
38.61 85.17
64.62 54.72
67.1 27.07
-97.81 -27.27
-83.95 -76.64
43.28 18.06
-30.76 93.04
-86.4 -21.97
52.95 -99.88
77.37 -87.63
-73.77 -79.47
-42.28 63.82
11.1 -48.98
83.81 19.7
-54.95 -48.76
28.37 1.78
86.76 78.57
-32.05 80.49
-81.91 64.7
5.25 0.65
17.3 16.54
43.26 -41.53
-94.86 57.71
-7.21 37.08
-38.55 99.68
50.96 -46.23
-73.18 -7.58
75.05 79.89
-61.93 78.52
35.4 92.19
-35.63 20.08
46.98 -56.59
34.47 -63.28
-12.71 -37.09
-82.95 89.52
-69.81 98.9
-1.9 91.34
-60.76 -96.23
20.31 93.39
-19.79 49.52
-83.64 12.25
59.94 -84.21
48.84 -34.06
24.59 -61.36
-20.45 9.5
93.41 65.38
-99.98 -29.07
-66.93 -52.24
-64.93 27.08
23.42 32.86
21.09 -7.89
93.53 -57.27
-70.53 24.97
-45.14 85.53
-66.04 7.11
-76.01 -63.88
92.28 43.8
-50.03 -90.89
-19.59 94.64
55.47 14.73
58.04 91.44
-14.26 -68.22
95.9 4.21
63.71 -80.7
-51.17 69.83
96.92 83.03
57.86 -2.42
95.97 -24.89
2.84 -23.76
-1.66 93.25
94.32 -0.64
-29.44 87.73
7.95 93.97
47.68 -8.39
-57.7 4.54
3.84 14.05
22.68 -15.41
-70.56 -15.68
-55.95 13.09
16.99 -7.29
-21.97 16.55
-98.17 -91.46
50.81 77.12
83.48 14.63
82.47 87.7
93.59 88.69
-47.26 -3.68
5.0 15.13
56.53 53.64
-66.9 -41.97
42.65 21.01
0.54 28.98
-42.01 50.84
33.66 18.78
-87.5 76.55
6.83 -14.71
68.24 -62.77
36.44 37.99
-28.29 -69.32
96.32 74.48
39.87 43.83
63.89 -59.14
57.06 54.29
-9.41 85.38
79.86 15.15
-98.18 -12.46
-82.02 -2.1
34.55 -50.92
13.02 50.62
72.6 98.03
-90.77 -89.64
-38.94 -34.4
42.56 -36.61
17.8 -11.37
26.44 -64.53
80.57 -43.7
67.06 -95.63
-63.18 88.76
68.01 95.04
71.05 -99.73
-10.63 -91.13
-68.27 15.97
-85.61 -83.89
-6.03 -52.23
37.15 -4.09
52.61 -50.28
73.69 82.45
77.23 93.29
-0.21 -89.86
61.36 -19.08
80.73 33.73
-77.83 -25.4
25.78 -32.89
-50.15 76.54
-48.72 41.56
-66.49 -93.91
96.18 5.44
23.06 -84.69
84.05 -72.5
-97.83 -58.62
-41.84 80.73
12.86 82.25
26.82 11.1
44.43 15.12
7.48 -91.09
6.89 -61.79
42.19 -20.25
-72.52 67.64
-92.08 -69.08
42.02 30.37
53.25 94.56
-34.61 11.98
-70.28 -65.61
-65.1 -17.04
94.03 -44.65
-37.49 -90.78
-46.86 12.05
81.47 72.6
0.96 -2.59
59.13 46.12
33.45 8.69
-99.78 -68.42
-47.52 85.34
24.72 18.98
28.14 -26.53
-5.99 -5.19
58.88 81.2
-14.41 -0.89
3.55 12.21
-85.6 -10.34
-31.95 17.06
-58.96 26.09
92.2 90.59
-16.08 97.91
-75.07 -7.22
-65.15 -34.53
49.38 -54.35
-0.21 -54.49
-7.61 -19.46
48.39 1.25
56.23 42.92
-86.71 5.03
80.65 23.78
-74.42 -8.11
5.38 -10.57
44.98 -47.37
32.33 26.85
-91.7 82.8
-5.32 85.88
8.33 -52.91
79.94 34.57
48.91 48.78
22.81 96.97
62.3 56.98
-80.89 46.37
18.77 -12.54
8.06 -41.17
-55.07 -51.59
37.5 -5.88
-85.62 44.6
-81.53 -92.29
43.68 13.83
76.74 25.66
-39.53 85.58
-22.73 88.36
29.13 -62.96
-16.61 -89.37
39.42 -81.92
27.18 4.61
-51.54 -96.09
46.25 -66.86
14.39 76.53
5.18 -18.28
29.93 86.52
-15.73 75.95
80.73 15.34
-63.57 -3.51
59.14 89.22
1.49 -99.61
10.83 59.19
15.12 67.56
-18.39 -69.81
22.87 90.09
-74.75 37.2
11.41 69.95
-28.68 -81.0
12.07 -15.54
27.04 -37.12
42.46 56.84
3.34 -30.74
-30.62 79.59
31.49 -16.07
-64.2 63.86
-15.97 40.4
-97.61 -25.87
21.03 -58.57
-24.71 66.21
26.25 42.04
-65.99 17.43
98.24 -39.72
39.85 53.21
-31.88 7.96
-88.04 -28.74
-31.51 87.91
-15.89 88.6
36.17 -94.91
-37.19 92.26
-92.91 -90.39
70.24 -41.99
-79.14 85.89
0.8 -84.65
-82.96 -49.92
-77.88 84.07
63.91 66.4
9.18 -4.28
-5.07 7.56
37.81 -29.53
35.17 96.68
-82.7 20.25
-35.52 77.66
-63.71 -87.87
-53.87 51.16
37.62 -83.41
68.2 91.35
-82.28 50.14
63.73 88.41
-8.39 54.82
77.17 -99.45
0.05 12.71
66.63 -57.93
41.85 -13.83
-73.78 70.93
1.6 23.86
57.31 7.42
69.3 -15.61
-48.42 16.6
84.56 65.81
-48.08 -29.29
-23.03 40.01
-93.81 17.12
-89.8 -64.51
2.53 90.17
67.83 31.69
-27.02 -94.59
-64.85 18.11
-49.85 58.1
13.73 37.22
-75.63 10.26
-11.79 57.31
14.59 -95.89
-25.09 41.19
-28.72 24.21
-32.64 48.41
20.2 -8.9
-24.2 -36.51
91.97 -60.18
-71.28 21.9
-16.14 -75.77
97.76 -8.94
-76.32 97.7
40.18 53.21
-89.12 -41.92
18.41 0.26
47.34 71.91
-57.34 2.29
34.47 -77.84
77.12 -58.63
57.01 68.88
-18.87 -58.73
-1.56 67.95
-84.8 34.65
-6.93 82.96
0.57 -64.48
-2.38 -71.36
-79.07 4.51
9.01 -57.35
-42.08 -12.54
-82.92 -50.32
-19.6 34.73
88.3 -49.4
-77.85 -92.4
13.78 -70.91
43.4 -43.23
73.81 21.58
-36.54 -41.28
90.89 7.54
-27.39 22.58
41.92 29.44
-1.41 -92.18
-37.16 13.84
-83.24 79.92
-43.34 -94.32
-85.8 6.12
53.96 59.5
-9.67 81.78
67.28 -86.75
18.51 -91.37
-60.15 61.06
83.08 28.42
23.93 5.15
-0.77 97.54
-88.61 -37.79
-25.85 -15.01
45.88 97.65
54.8 -62.01
66.6 81.92
73.42 -11.13
41.93 35.2
63.21 85.6
53.52 -42.83
60.32 -44.29
-29.09 18.89
-67.31 -55.12
78.21 -3.19
44.67 -69.05
14.86 30.41
13.4 87.94
36.98 -45.8
20.79 36.72
-24.44 71.2
-28.65 6.4
-55.41 33.12
39.03 -23.75
85.59 -93.62
-7.12 40.13
-97.73 -27.32
-62.93 -91.94
45.58 -58.03
-42.13 75.22
93.89 22.38
16.66 -65.69
-81.86 -62.92
-12.63 -91.46
46.23 23.68
-85.16 -35.38
-62.12 73.07
-94.35 -70.83
-71.21 72.43
-45.85 26.88
28.47 -6.64
-79.18 -48.16
-14.49 10.24
14.81 7.61
-69.9 42.93
-81.52 24.54
75.8 89.55
-20.13 -1.76
-5.41 64.75
-97.53 14.71
72.06 -5.33
-48.95 81.39
28.82 50.97
-90.69 -52.96
-99.11 -56.23
-34.64 -53.65
-40.37 -73.0
-20.86 24.3
27.3 -37.53
-9.49 -41.86
-57.0 26.17
-97.41 20.24
26.14 74.65
-7.59 52.19
76.92 -8.64
-84.28 -99.23
39.27 56.1
-7.04 -95.79
-51.11 69.14
92.55 43.18
41.22 -71.58
-54.44 -56.26
-75.66 84.72
-4.36 74.3
63.8 -35.34
9.08 -14.39
-10.68 -24.61
88.65 92.42
16.81 40.88
-86.15 16.62
-58.44 -80.06
-83.63 50.5
65.17 32.52
12.68 -31.64
61.07 -43.4
-89.07 67.81
-0.4 -62.83
-83.32 -80.86
9.55 71.63
-87.52 -91.15
-33.48 -17.35
3.96 -44.28
78.94 -4.38
-99.27 60.4
-36.4 51.12
-90.93 21.72
88.41 -29.95
66.51 26.01
-90.21 -81.02
-3.83 -68.48
-79.69 -21.22
-97.01 54.04
81.6 37.88
-9.84 39.41
-16.66 31.35
3.23 92.89
-68.24 -42.61
-74.01 -29.61
9.91 6.54
-62.57 99.43
-99.25 55.48
-7.6 85.21
5.3 -94.7
-94.48 27.23
-61.78 91.35
-13.79 43.75
-48.65 -41.26
-83.04 -1.29
-60.35 86.43
72.22 84.85
-26.5 53.23
56.94 -48.74
-66.06 69.43
0.74 -19.99
16.28 92.67
-56.86 90.14
23.51 -28.28
-78.43 44.54
-90.13 -76.66
74.03 26.93
-64.27 -37.94
26.22 99.7
-64.76 33.63
-4.53 -20.83
-54.11 -0.13
39.16 -48.01
12.05 58.95
-95.15 63.72
-68.3 66.44
-10.53 -44.87
27.18 32.2
24.99 29.7
-60.61 60.42
45.47 -2.48
-30.28 -50.9
-22.65 74.57
75.54 -84.63
51.69 20.58
57.62 93.66
-77.17 65.92
-68.0 -2.0
-24.89 45.09
9.27 -29.84
50.57 96.32
42.5 -84.73
-6.75 8.34
37.05 -74.43
-88.43 45.54
45.83 14.04
-3.91 -13.7
-12.39 -48.5
-38.37 -96.29
51.53 28.86
25.92 63.63
-89.6 89.84
-48.7 41.84
-92.47 65.8
-31.14 21.64
-55.79 -41.41
89.39 -4.18
10.49 44.58
54.19 -53.2
89.34 -96.72
87.88 26.45
40.31 -61.99
34.23 -31.27
61.9 -68.53
-43.72 86.88
-74.95 0.72
-19.85 -3.58
29.65 -25.23
97.03 64.04
-91.32 -37.71
44.24 -95.68
-85.08 -67.87
-16.45 74.2
-98.29 59.76
-73.36 -30.03
-36.38 7.0
-68.62 -38.47
-4.16 -79.95
44.19 -94.52
-38.64 62.88
87.46 -44.01
-56.32 83.8
85.08 -90.79
-8.19 25.36
57.06 -48.67
98.31 10.06
90.98 32.55
-53.54 27.06
24.61 -86.2
-92.08 -69.63
-26.56 -51.63
20.49 -50.34
-51.52 72.8
77.37 -83.55
-28.98 -46.47
6.75 -4.39
42.95 -30.05
-68.68 -98.16
34.66 -70.78
-14.12 28.89
-34.91 -6.34
66.66 98.26
-51.56 -32.4
-21.35 -54.88
-96.25 -91.05
28.73 -43.08
-68.53 -55.36
58.67 95.19
18.17 -41.47
-45.15 48.93
-81.86 15.51
-84.33 -23.49
-61.35 6.42
6.89 9.0
-68.94 -56.67
-60.02 -98.37
89.35 31.07
56.92 36.33
-3.42 12.89
-25.22 -39.48
-46.94 -45.02
25.33 -40.76
98.29 37.55
40.69 3.19
-31.32 29.66
-33.36 55.3
66.6 -48.84
18.33 32.67
21.4 -38.46
-97.33 12.28
49.99 8.24
54.21 79.62
-28.53 33.16
49.74 14.17
23.13 22.05
-85.4 45.0
15.77 -8.22
-70.01 2.07
26.42 16.92
42.02 -7.7
84.06 81.72
-75.19 69.32
4.67 -71.07
-85.31 -29.07
23.33 -41.02
37.27 -42.23
70.33 25.08
58.38 -56.84
1.89 88.67
-63.5 -26.4
-74.33 -40.94
-96.75 14.08
56.25 27.09
-64.29 -94.7
-27.9 10.35
28.9 -0.73
59.71 11.69
81.97 30.39
38.02 77.8
20.95 75.95
-11.13 -8.45
17.29 56.21
85.41 65.75
-77.72 62.22
-61.94 80.95
53.11 -17.76
-55.17 81.76
-35.4 -6.5
-42.17 84.88
-71.16 -3.64
-60.25 -64.18
-31.82 17.74
60.44 1.96
67.72 -64.23
13.47 93.55
-3.76 -18.17
64.16 -92.48
93.28 67.02
-99.82 17.84
-60.81 -11.44
-31.66 -86.47
-84.4 17.43
2.7 73.42
66.33 14.35
69.43 -89.36
58.97 -83.67
-92.59 42.21
57.35 69.04
76.93 24.2
-27.94 -30.66
46.63 -10.66
86.33 -59.42
18.3 5.05
-85.56 53.2
98.63 -63.43
77.04 -84.61
-69.25 -49.81
-45.71 -83.59
59.15 -55.58
-81.8 -82.37
-32.69 84.92
71.48 -54.46
22.78 62.82
66.7 0.24
-75.51 95.89
94.76 -36.35
5.42 45.35
-49.33 97.57
-17.28 79.08
54.1 -60.98
-8.14 -34.33
-37.76 0.48
-14.13 44.02
62.28 52.21
0.46 27.4
-49.12 26.69
-5.52 5.54
-78.9 77.27
74.75 -84.7
-72.14 36.95
-78.79 31.04
17.66 -17.06
-88.09 73.4
21.04 -3.62
4.22 -62.93
1.31 -29.83
1.77 18.96
11.57 41.51
83.65 60.95
-60.66 64.03
4.84 33.39
-18.37 8.12
-32.65 25.25
1.96 85.73
-26.54 -36.63
-83.39 -46.39
19.65 45.18
-77.14 12.7
68.6 -68.15
93.98 -37.62
67.96 4.73
-75.03 59.59
-31.01 -27.9
-2.88 60.93
-74.02 -81.96
-54.16 92.24
13.35 -81.93
14.75 33.27
42.6 -5.41
-88.08 94.14
-32.11 -55.74
-30.27 46.69
30.93 57.11
17.48 51.99
-22.47 -6.58
12.65 72.54
-4.34 -52.52
-26.74 -42.37
